51	1	1
51	3	1
51	5	1
51	7	1
51	9	1
51	11	1
51	13	1
51	15	1
51	17	1
51	19	1
51	21	1
51	23	1
51	25	1
51	27	1
51	29	1
51	31	1
51	33	1
51	35	1
51	37	1
51	39	1
51	41	1
51	43	1
51	45	1
51	47	1
51	49	1
52	1	1
52	3	1
52	5	1
52	7	1
52	9	1
52	11	1
52	13	1
52	15	1
52	17	1
52	19	1
52	21	1
52	23	1
52	25	1
52	27	1
52	29	1
52	31	1
52	33	1
52	35	1
52	37	1
52	39	1
52	41	1
52	43	1
52	45	1
52	47	1
52	49	1
53	1	1
53	3	1
53	5	1
53	7	1
53	9	1
53	11	1
53	13	1
53	15	1
53	17	1
53	19	1
53	21	1
53	23	1
53	25	1
53	27	1
53	29	1
53	31	1
53	33	1
53	35	1
53	37	1
53	39	1
53	41	1
53	43	1
53	45	1
53	47	1
53	49	1
54	1	1
54	3	1
54	5	1
54	7	1
54	9	1
54	11	1
54	13	1
54	15	1
54	17	1
54	19	1
54	21	1
54	23	1
54	25	1
54	27	1
54	29	1
54	31	1
54	33	1
54	35	1
54	37	1
54	39	1
54	41	1
54	43	1
54	45	1
54	47	1
54	49	1
55	1	1
55	3	1
55	5	1
55	7	1
55	9	1
55	11	1
55	13	1
55	15	1
55	17	1
55	19	1
55	21	1
55	23	1
55	25	1
55	27	1
55	29	1
55	31	1
55	33	1
55	35	1
55	37	1
55	39	1
55	41	1
55	43	1
55	45	1
55	47	1
55	49	1
56	1	1
56	3	1
56	5	1
56	7	1
56	9	1
56	11	1
56	13	1
56	15	1
56	17	1
56	19	1
56	21	1
56	23	1
56	25	1
56	27	1
56	29	1
56	31	1
56	33	1
56	35	1
56	37	1
56	39	1
56	41	1
56	43	1
56	45	1
56	47	1
56	49	1
57	1	1
57	3	1
57	5	1
57	7	1
57	9	1
57	11	1
57	13	1
57	15	1
57	17	1
57	19	1
57	21	1
57	23	1
57	25	1
57	27	1
57	29	1
57	31	1
57	33	1
57	35	1
57	37	1
57	39	1
57	41	1
57	43	1
57	45	1
57	47	1
57	49	1
58	1	1
58	3	1
58	5	1
58	7	1
58	9	1
58	11	1
58	13	1
58	15	1
58	17	1
58	19	1
58	21	1
58	23	1
58	25	1
58	27	1
58	29	1
58	31	1
58	33	1
58	35	1
58	37	1
58	39	1
58	41	1
58	43	1
58	45	1
58	47	1
58	49	1
59	1	1
59	3	1
59	5	1
59	7	1
59	9	1
59	11	1
59	13	1
59	15	1
59	17	1
59	19	1
59	21	1
59	23	1
59	25	1
59	27	1
59	29	1
59	31	1
59	33	1
59	35	1
59	37	1
59	39	1
59	41	1
59	43	1
59	45	1
59	47	1
59	49	1
60	1	1
60	3	1
60	5	1
60	7	1
60	9	1
60	11	1
60	13	1
60	15	1
60	17	1
60	19	1
60	21	1
60	23	1
60	25	1
60	27	1
60	29	1
60	31	1
60	33	1
60	35	1
60	37	1
60	39	1
60	41	1
60	43	1
60	45	1
60	47	1
60	49	1
61	1	1
61	3	1
61	5	1
61	7	1
61	9	1
61	11	1
61	13	1
61	15	1
61	17	1
61	19	1
61	21	1
61	23	1
61	25	1
61	27	1
61	29	1
61	31	1
61	33	1
61	35	1
61	37	1
61	39	1
61	41	1
61	43	1
61	45	1
61	47	1
61	49	1
62	1	1
62	3	1
62	5	1
62	7	1
62	9	1
62	11	1
62	13	1
62	15	1
62	17	1
62	19	1
62	21	1
62	23	1
62	25	1
62	27	1
62	29	1
62	31	1
62	33	1
62	35	1
62	37	1
62	39	1
62	41	1
62	43	1
62	45	1
62	47	1
62	49	1
63	1	1
63	3	1
63	5	1
63	7	1
63	9	1
63	11	1
63	13	1
63	15	1
63	17	1
63	19	1
63	21	1
63	23	1
63	25	1
63	27	1
63	29	1
63	31	1
63	33	1
63	35	1
63	37	1
63	39	1
63	41	1
63	43	1
63	45	1
63	47	1
63	49	1
64	1	1
64	3	1
64	5	1
64	7	1
64	9	1
64	11	1
64	13	1
64	15	1
64	17	1
64	19	1
64	21	1
64	23	1
64	25	1
64	27	1
64	29	1
64	31	1
64	33	1
64	35	1
64	37	1
64	39	1
64	41	1
64	43	1
64	45	1
64	47	1
64	49	1
65	1	1
65	3	1
65	5	1
65	7	1
65	9	1
65	11	1
65	13	1
65	15	1
65	17	1
65	19	1
65	21	1
65	23	1
65	25	1
65	27	1
65	29	1
65	31	1
65	33	1
65	35	1
65	37	1
65	39	1
65	41	1
65	43	1
65	45	1
65	47	1
65	49	1
66	1	1
66	3	1
66	5	1
66	7	1
66	9	1
66	11	1
66	13	1
66	15	1
66	17	1
66	19	1
66	21	1
66	23	1
66	25	1
66	27	1
66	29	1
66	31	1
66	33	1
66	35	1
66	37	1
66	39	1
66	41	1
66	43	1
66	45	1
66	47	1
66	49	1
67	1	1
67	3	1
67	5	1
67	7	1
67	9	1
67	11	1
67	13	1
67	15	1
67	17	1
67	19	1
67	21	1
67	23	1
67	25	1
67	27	1
67	29	1
67	31	1
67	33	1
67	35	1
67	37	1
67	39	1
67	41	1
67	43	1
67	45	1
67	47	1
67	49	1
68	1	1
68	3	1
68	5	1
68	7	1
68	9	1
68	11	1
68	13	1
68	15	1
68	17	1
68	19	1
68	21	1
68	23	1
68	25	1
68	27	1
68	29	1
68	31	1
68	33	1
68	35	1
68	37	1
68	39	1
68	41	1
68	43	1
68	45	1
68	47	1
68	49	1
69	1	1
69	3	1
69	5	1
69	7	1
69	9	1
69	11	1
69	13	1
69	15	1
69	17	1
69	19	1
69	21	1
69	23	1
69	25	1
69	27	1
69	29	1
69	31	1
69	33	1
69	35	1
69	37	1
69	39	1
69	41	1
69	43	1
69	45	1
69	47	1
69	49	1
70	1	1
70	3	1
70	5	1
70	7	1
70	9	1
70	11	1
70	13	1
70	15	1
70	17	1
70	19	1
70	21	1
70	23	1
70	25	1
70	27	1
70	29	1
70	31	1
70	33	1
70	35	1
70	37	1
70	39	1
70	41	1
70	43	1
70	45	1
70	47	1
70	49	1
71	1	1
71	3	1
71	5	1
71	7	1
71	9	1
71	11	1
71	13	1
71	15	1
71	17	1
71	19	1
71	21	1
71	23	1
71	25	1
71	27	1
71	29	1
71	31	1
71	33	1
71	35	1
71	37	1
71	39	1
71	41	1
71	43	1
71	45	1
71	47	1
71	49	1
72	1	1
72	3	1
72	5	1
72	7	1
72	9	1
72	11	1
72	13	1
72	15	1
72	17	1
72	19	1
72	21	1
72	23	1
72	25	1
72	27	1
72	29	1
72	31	1
72	33	1
72	35	1
72	37	1
72	39	1
72	41	1
72	43	1
72	45	1
72	47	1
72	49	1
73	1	1
73	3	1
73	5	1
73	7	1
73	9	1
73	11	1
73	13	1
73	15	1
73	17	1
73	19	1
73	21	1
73	23	1
73	25	1
73	27	1
73	29	1
73	31	1
73	33	1
73	35	1
73	37	1
73	39	1
73	41	1
73	43	1
73	45	1
73	47	1
73	49	1
74	1	1
74	3	1
74	5	1
74	7	1
74	9	1
74	11	1
74	13	1
74	15	1
74	17	1
74	19	1
74	21	1
74	23	1
74	25	1
74	27	1
74	29	1
74	31	1
74	33	1
74	35	1
74	37	1
74	39	1
74	41	1
74	43	1
74	45	1
74	47	1
74	49	1
75	1	1
75	3	1
75	5	1
75	7	1
75	9	1
75	11	1
75	13	1
75	15	1
75	17	1
75	19	1
75	21	1
75	23	1
75	25	1
75	27	1
75	29	1
75	31	1
75	33	1
75	35	1
75	37	1
75	39	1
75	41	1
75	43	1
75	45	1
75	47	1
75	49	1
