51	1	1
51	2	1
51	3	1
51	4	1
51	5	1
51	6	1
51	7	1
51	8	1
51	9	1
51	10	1
51	11	1
51	12	1
51	13	1
51	14	1
51	15	1
51	16	1
51	17	1
51	18	1
51	19	1
51	20	1
51	21	1
51	22	1
51	23	1
51	24	1
51	25	1
51	26	1
51	27	1
51	28	1
51	29	1
51	30	1
51	31	1
51	32	1
51	33	1
51	34	1
51	35	1
51	36	1
51	37	1
51	38	1
51	39	1
51	40	1
51	41	1
51	42	1
51	43	1
51	44	1
51	45	1
51	46	1
51	47	1
51	48	1
51	49	1
51	50	1
53	1	1
53	2	1
53	3	1
53	4	1
53	5	1
53	6	1
53	7	1
53	8	1
53	9	1
53	10	1
53	11	1
53	12	1
53	13	1
53	14	1
53	15	1
53	16	1
53	17	1
53	18	1
53	19	1
53	20	1
53	21	1
53	22	1
53	23	1
53	24	1
53	25	1
53	26	1
53	27	1
53	28	1
53	29	1
53	30	1
53	31	1
53	32	1
53	33	1
53	34	1
53	35	1
53	36	1
53	37	1
53	38	1
53	39	1
53	40	1
53	41	1
53	42	1
53	43	1
53	44	1
53	45	1
53	46	1
53	47	1
53	48	1
53	49	1
53	50	1
55	1	1
55	2	1
55	3	1
55	4	1
55	5	1
55	6	1
55	7	1
55	8	1
55	9	1
55	10	1
55	11	1
55	12	1
55	13	1
55	14	1
55	15	1
55	16	1
55	17	1
55	18	1
55	19	1
55	20	1
55	21	1
55	22	1
55	23	1
55	24	1
55	25	1
55	26	1
55	27	1
55	28	1
55	29	1
55	30	1
55	31	1
55	32	1
55	33	1
55	34	1
55	35	1
55	36	1
55	37	1
55	38	1
55	39	1
55	40	1
55	41	1
55	42	1
55	43	1
55	44	1
55	45	1
55	46	1
55	47	1
55	48	1
55	49	1
55	50	1
57	1	1
57	2	1
57	3	1
57	4	1
57	5	1
57	6	1
57	7	1
57	8	1
57	9	1
57	10	1
57	11	1
57	12	1
57	13	1
57	14	1
57	15	1
57	16	1
57	17	1
57	18	1
57	19	1
57	20	1
57	21	1
57	22	1
57	23	1
57	24	1
57	25	1
57	26	1
57	27	1
57	28	1
57	29	1
57	30	1
57	31	1
57	32	1
57	33	1
57	34	1
57	35	1
57	36	1
57	37	1
57	38	1
57	39	1
57	40	1
57	41	1
57	42	1
57	43	1
57	44	1
57	45	1
57	46	1
57	47	1
57	48	1
57	49	1
57	50	1
59	1	1
59	2	1
59	3	1
59	4	1
59	5	1
59	6	1
59	7	1
59	8	1
59	9	1
59	10	1
59	11	1
59	12	1
59	13	1
59	14	1
59	15	1
59	16	1
59	17	1
59	18	1
59	19	1
59	20	1
59	21	1
59	22	1
59	23	1
59	24	1
59	25	1
59	26	1
59	27	1
59	28	1
59	29	1
59	30	1
59	31	1
59	32	1
59	33	1
59	34	1
59	35	1
59	36	1
59	37	1
59	38	1
59	39	1
59	40	1
59	41	1
59	42	1
59	43	1
59	44	1
59	45	1
59	46	1
59	47	1
59	48	1
59	49	1
59	50	1
61	1	1
61	2	1
61	3	1
61	4	1
61	5	1
61	6	1
61	7	1
61	8	1
61	9	1
61	10	1
61	11	1
61	12	1
61	13	1
61	14	1
61	15	1
61	16	1
61	17	1
61	18	1
61	19	1
61	20	1
61	21	1
61	22	1
61	23	1
61	24	1
61	25	1
61	26	1
61	27	1
61	28	1
61	29	1
61	30	1
61	31	1
61	32	1
61	33	1
61	34	1
61	35	1
61	36	1
61	37	1
61	38	1
61	39	1
61	40	1
61	41	1
61	42	1
61	43	1
61	44	1
61	45	1
61	46	1
61	47	1
61	48	1
61	49	1
61	50	1
63	1	1
63	2	1
63	3	1
63	4	1
63	5	1
63	6	1
63	7	1
63	8	1
63	9	1
63	10	1
63	11	1
63	12	1
63	13	1
63	14	1
63	15	1
63	16	1
63	17	1
63	18	1
63	19	1
63	20	1
63	21	1
63	22	1
63	23	1
63	24	1
63	25	1
63	26	1
63	27	1
63	28	1
63	29	1
63	30	1
63	31	1
63	32	1
63	33	1
63	34	1
63	35	1
63	36	1
63	37	1
63	38	1
63	39	1
63	40	1
63	41	1
63	42	1
63	43	1
63	44	1
63	45	1
63	46	1
63	47	1
63	48	1
63	49	1
63	50	1
65	1	1
65	2	1
65	3	1
65	4	1
65	5	1
65	6	1
65	7	1
65	8	1
65	9	1
65	10	1
65	11	1
65	12	1
65	13	1
65	14	1
65	15	1
65	16	1
65	17	1
65	18	1
65	19	1
65	20	1
65	21	1
65	22	1
65	23	1
65	24	1
65	25	1
65	26	1
65	27	1
65	28	1
65	29	1
65	30	1
65	31	1
65	32	1
65	33	1
65	34	1
65	35	1
65	36	1
65	37	1
65	38	1
65	39	1
65	40	1
65	41	1
65	42	1
65	43	1
65	44	1
65	45	1
65	46	1
65	47	1
65	48	1
65	49	1
65	50	1
67	1	1
67	2	1
67	3	1
67	4	1
67	5	1
67	6	1
67	7	1
67	8	1
67	9	1
67	10	1
67	11	1
67	12	1
67	13	1
67	14	1
67	15	1
67	16	1
67	17	1
67	18	1
67	19	1
67	20	1
67	21	1
67	22	1
67	23	1
67	24	1
67	25	1
67	26	1
67	27	1
67	28	1
67	29	1
67	30	1
67	31	1
67	32	1
67	33	1
67	34	1
67	35	1
67	36	1
67	37	1
67	38	1
67	39	1
67	40	1
67	41	1
67	42	1
67	43	1
67	44	1
67	45	1
67	46	1
67	47	1
67	48	1
67	49	1
67	50	1
69	1	1
69	2	1
69	3	1
69	4	1
69	5	1
69	6	1
69	7	1
69	8	1
69	9	1
69	10	1
69	11	1
69	12	1
69	13	1
69	14	1
69	15	1
69	16	1
69	17	1
69	18	1
69	19	1
69	20	1
69	21	1
69	22	1
69	23	1
69	24	1
69	25	1
69	26	1
69	27	1
69	28	1
69	29	1
69	30	1
69	31	1
69	32	1
69	33	1
69	34	1
69	35	1
69	36	1
69	37	1
69	38	1
69	39	1
69	40	1
69	41	1
69	42	1
69	43	1
69	44	1
69	45	1
69	46	1
69	47	1
69	48	1
69	49	1
69	50	1
71	1	1
71	2	1
71	3	1
71	4	1
71	5	1
71	6	1
71	7	1
71	8	1
71	9	1
71	10	1
71	11	1
71	12	1
71	13	1
71	14	1
71	15	1
71	16	1
71	17	1
71	18	1
71	19	1
71	20	1
71	21	1
71	22	1
71	23	1
71	24	1
71	25	1
71	26	1
71	27	1
71	28	1
71	29	1
71	30	1
71	31	1
71	32	1
71	33	1
71	34	1
71	35	1
71	36	1
71	37	1
71	38	1
71	39	1
71	40	1
71	41	1
71	42	1
71	43	1
71	44	1
71	45	1
71	46	1
71	47	1
71	48	1
71	49	1
71	50	1
73	1	1
73	2	1
73	3	1
73	4	1
73	5	1
73	6	1
73	7	1
73	8	1
73	9	1
73	10	1
73	11	1
73	12	1
73	13	1
73	14	1
73	15	1
73	16	1
73	17	1
73	18	1
73	19	1
73	20	1
73	21	1
73	22	1
73	23	1
73	24	1
73	25	1
73	26	1
73	27	1
73	28	1
73	29	1
73	30	1
73	31	1
73	32	1
73	33	1
73	34	1
73	35	1
73	36	1
73	37	1
73	38	1
73	39	1
73	40	1
73	41	1
73	42	1
73	43	1
73	44	1
73	45	1
73	46	1
73	47	1
73	48	1
73	49	1
73	50	1
75	1	1
75	2	1
75	3	1
75	4	1
75	5	1
75	6	1
75	7	1
75	8	1
75	9	1
75	10	1
75	11	1
75	12	1
75	13	1
75	14	1
75	15	1
75	16	1
75	17	1
75	18	1
75	19	1
75	20	1
75	21	1
75	22	1
75	23	1
75	24	1
75	25	1
75	26	1
75	27	1
75	28	1
75	29	1
75	30	1
75	31	1
75	32	1
75	33	1
75	34	1
75	35	1
75	36	1
75	37	1
75	38	1
75	39	1
75	40	1
75	41	1
75	42	1
75	43	1
75	44	1
75	45	1
75	46	1
75	47	1
75	48	1
75	49	1
75	50	1
77	1	1
77	2	1
77	3	1
77	4	1
77	5	1
77	6	1
77	7	1
77	8	1
77	9	1
77	10	1
77	11	1
77	12	1
77	13	1
77	14	1
77	15	1
77	16	1
77	17	1
77	18	1
77	19	1
77	20	1
77	21	1
77	22	1
77	23	1
77	24	1
77	25	1
77	26	1
77	27	1
77	28	1
77	29	1
77	30	1
77	31	1
77	32	1
77	33	1
77	34	1
77	35	1
77	36	1
77	37	1
77	38	1
77	39	1
77	40	1
77	41	1
77	42	1
77	43	1
77	44	1
77	45	1
77	46	1
77	47	1
77	48	1
77	49	1
77	50	1
79	1	1
79	2	1
79	3	1
79	4	1
79	5	1
79	6	1
79	7	1
79	8	1
79	9	1
79	10	1
79	11	1
79	12	1
79	13	1
79	14	1
79	15	1
79	16	1
79	17	1
79	18	1
79	19	1
79	20	1
79	21	1
79	22	1
79	23	1
79	24	1
79	25	1
79	26	1
79	27	1
79	28	1
79	29	1
79	30	1
79	31	1
79	32	1
79	33	1
79	34	1
79	35	1
79	36	1
79	37	1
79	38	1
79	39	1
79	40	1
79	41	1
79	42	1
79	43	1
79	44	1
79	45	1
79	46	1
79	47	1
79	48	1
79	49	1
79	50	1
81	1	1
81	2	1
81	3	1
81	4	1
81	5	1
81	6	1
81	7	1
81	8	1
81	9	1
81	10	1
81	11	1
81	12	1
81	13	1
81	14	1
81	15	1
81	16	1
81	17	1
81	18	1
81	19	1
81	20	1
81	21	1
81	22	1
81	23	1
81	24	1
81	25	1
81	26	1
81	27	1
81	28	1
81	29	1
81	30	1
81	31	1
81	32	1
81	33	1
81	34	1
81	35	1
81	36	1
81	37	1
81	38	1
81	39	1
81	40	1
81	41	1
81	42	1
81	43	1
81	44	1
81	45	1
81	46	1
81	47	1
81	48	1
81	49	1
81	50	1
83	1	1
83	2	1
83	3	1
83	4	1
83	5	1
83	6	1
83	7	1
83	8	1
83	9	1
83	10	1
83	11	1
83	12	1
83	13	1
83	14	1
83	15	1
83	16	1
83	17	1
83	18	1
83	19	1
83	20	1
83	21	1
83	22	1
83	23	1
83	24	1
83	25	1
83	26	1
83	27	1
83	28	1
83	29	1
83	30	1
83	31	1
83	32	1
83	33	1
83	34	1
83	35	1
83	36	1
83	37	1
83	38	1
83	39	1
83	40	1
83	41	1
83	42	1
83	43	1
83	44	1
83	45	1
83	46	1
83	47	1
83	48	1
83	49	1
83	50	1
85	1	1
85	2	1
85	3	1
85	4	1
85	5	1
85	6	1
85	7	1
85	8	1
85	9	1
85	10	1
85	11	1
85	12	1
85	13	1
85	14	1
85	15	1
85	16	1
85	17	1
85	18	1
85	19	1
85	20	1
85	21	1
85	22	1
85	23	1
85	24	1
85	25	1
85	26	1
85	27	1
85	28	1
85	29	1
85	30	1
85	31	1
85	32	1
85	33	1
85	34	1
85	35	1
85	36	1
85	37	1
85	38	1
85	39	1
85	40	1
85	41	1
85	42	1
85	43	1
85	44	1
85	45	1
85	46	1
85	47	1
85	48	1
85	49	1
85	50	1
87	1	1
87	2	1
87	3	1
87	4	1
87	5	1
87	6	1
87	7	1
87	8	1
87	9	1
87	10	1
87	11	1
87	12	1
87	13	1
87	14	1
87	15	1
87	16	1
87	17	1
87	18	1
87	19	1
87	20	1
87	21	1
87	22	1
87	23	1
87	24	1
87	25	1
87	26	1
87	27	1
87	28	1
87	29	1
87	30	1
87	31	1
87	32	1
87	33	1
87	34	1
87	35	1
87	36	1
87	37	1
87	38	1
87	39	1
87	40	1
87	41	1
87	42	1
87	43	1
87	44	1
87	45	1
87	46	1
87	47	1
87	48	1
87	49	1
87	50	1
89	1	1
89	2	1
89	3	1
89	4	1
89	5	1
89	6	1
89	7	1
89	8	1
89	9	1
89	10	1
89	11	1
89	12	1
89	13	1
89	14	1
89	15	1
89	16	1
89	17	1
89	18	1
89	19	1
89	20	1
89	21	1
89	22	1
89	23	1
89	24	1
89	25	1
89	26	1
89	27	1
89	28	1
89	29	1
89	30	1
89	31	1
89	32	1
89	33	1
89	34	1
89	35	1
89	36	1
89	37	1
89	38	1
89	39	1
89	40	1
89	41	1
89	42	1
89	43	1
89	44	1
89	45	1
89	46	1
89	47	1
89	48	1
89	49	1
89	50	1
91	1	1
91	2	1
91	3	1
91	4	1
91	5	1
91	6	1
91	7	1
91	8	1
91	9	1
91	10	1
91	11	1
91	12	1
91	13	1
91	14	1
91	15	1
91	16	1
91	17	1
91	18	1
91	19	1
91	20	1
91	21	1
91	22	1
91	23	1
91	24	1
91	25	1
91	26	1
91	27	1
91	28	1
91	29	1
91	30	1
91	31	1
91	32	1
91	33	1
91	34	1
91	35	1
91	36	1
91	37	1
91	38	1
91	39	1
91	40	1
91	41	1
91	42	1
91	43	1
91	44	1
91	45	1
91	46	1
91	47	1
91	48	1
91	49	1
91	50	1
93	1	1
93	2	1
93	3	1
93	4	1
93	5	1
93	6	1
93	7	1
93	8	1
93	9	1
93	10	1
93	11	1
93	12	1
93	13	1
93	14	1
93	15	1
93	16	1
93	17	1
93	18	1
93	19	1
93	20	1
93	21	1
93	22	1
93	23	1
93	24	1
93	25	1
93	26	1
93	27	1
93	28	1
93	29	1
93	30	1
93	31	1
93	32	1
93	33	1
93	34	1
93	35	1
93	36	1
93	37	1
93	38	1
93	39	1
93	40	1
93	41	1
93	42	1
93	43	1
93	44	1
93	45	1
93	46	1
93	47	1
93	48	1
93	49	1
93	50	1
95	1	1
95	2	1
95	3	1
95	4	1
95	5	1
95	6	1
95	7	1
95	8	1
95	9	1
95	10	1
95	11	1
95	12	1
95	13	1
95	14	1
95	15	1
95	16	1
95	17	1
95	18	1
95	19	1
95	20	1
95	21	1
95	22	1
95	23	1
95	24	1
95	25	1
95	26	1
95	27	1
95	28	1
95	29	1
95	30	1
95	31	1
95	32	1
95	33	1
95	34	1
95	35	1
95	36	1
95	37	1
95	38	1
95	39	1
95	40	1
95	41	1
95	42	1
95	43	1
95	44	1
95	45	1
95	46	1
95	47	1
95	48	1
95	49	1
95	50	1
97	1	1
97	2	1
97	3	1
97	4	1
97	5	1
97	6	1
97	7	1
97	8	1
97	9	1
97	10	1
97	11	1
97	12	1
97	13	1
97	14	1
97	15	1
97	16	1
97	17	1
97	18	1
97	19	1
97	20	1
97	21	1
97	22	1
97	23	1
97	24	1
97	25	1
97	26	1
97	27	1
97	28	1
97	29	1
97	30	1
97	31	1
97	32	1
97	33	1
97	34	1
97	35	1
97	36	1
97	37	1
97	38	1
97	39	1
97	40	1
97	41	1
97	42	1
97	43	1
97	44	1
97	45	1
97	46	1
97	47	1
97	48	1
97	49	1
97	50	1
99	1	1
99	2	1
99	3	1
99	4	1
99	5	1
99	6	1
99	7	1
99	8	1
99	9	1
99	10	1
99	11	1
99	12	1
99	13	1
99	14	1
99	15	1
99	16	1
99	17	1
99	18	1
99	19	1
99	20	1
99	21	1
99	22	1
99	23	1
99	24	1
99	25	1
99	26	1
99	27	1
99	28	1
99	29	1
99	30	1
99	31	1
99	32	1
99	33	1
99	34	1
99	35	1
99	36	1
99	37	1
99	38	1
99	39	1
99	40	1
99	41	1
99	42	1
99	43	1
99	44	1
99	45	1
99	46	1
99	47	1
99	48	1
99	49	1
99	50	1
