1000.0		285.00
0.0		285.00		0.0		12.0		0.0
50.0		285.05		0.0		12.0		0.0
100.0		285.10		0.0		12.0		0.0
150.0		285.15		0.0		12.0		0.0
200.0		285.20		0.0		12.0		0.0
250.0		285.25		0.0		12.0		0.0
300.0		285.30		0.0		12.0		0.0
350.0		285.35		0.0		12.0		0.0
400.0		285.40		0.0		12.0		0.0
450.0		285.45		0.0		12.0		0.0
500.0		285.50		0.0		12.0		0.0
550.0		285.55		0.0		12.0		0.0
600.0		285.60		0.0		12.0		0.0
650.0		285.65		0.0		12.0		0.0
700.0		285.70		0.0		12.0		0.0
750.0		285.75		0.0		12.0		0.0
800.0		285.80		0.0		12.0		0.0
850.0		285.85		0.0		12.0		0.0
900.0		285.90		0.0		12.0		0.0
950.0		285.95		0.0		12.0		0.0
1000.0		286.00		0.0		12.0		0.0
1050.0		286.05		0.0		12.0		0.0
1100.0		286.10		0.0		12.0		0.0
1150.0		286.15		0.0		12.0		0.0
1200.0		286.20		0.0		12.0		0.0
1250.0		286.25		0.0		12.0		0.0
1300.0		286.30		0.0		12.0		0.0
1350.0		286.35		0.0		12.0		0.0
1400.0		286.40		0.0		12.0		0.0
1450.0		286.45		0.0		12.0		0.0
1500.0		286.50		0.0		12.0		0.0
1550.0		286.55		0.0		12.0		0.0
1600.0		286.60		0.0		12.0		0.0
1650.0		286.65		0.0		12.0		0.0
1700.0		286.70		0.0		12.0		0.0
1750.0		286.75		0.0		12.0		0.0
1800.0		286.80		0.0		12.0		0.0
1850.0		286.85		0.0		12.0		0.0
1900.0		286.90		0.0		12.0		0.0
1950.0		286.95		0.0		12.0		0.0
2000.0		287.00		0.0		12.0		0.0
2050.0		287.05		0.0		12.0		0.0
2100.0		287.10		0.0		12.0		0.0
2150.0		287.15		0.0		12.0		0.0
2200.0		287.20		0.0		12.0		0.0
2250.0		287.25		0.0		12.0		0.0
2300.0		287.30		0.0		12.0		0.0
2350.0		287.35		0.0		12.0		0.0
2400.0		287.40		0.0		12.0		0.0
2450.0		287.45		0.0		12.0		0.0
2500.0		287.50		0.0		12.0		0.0
2550.0		287.55		0.0		12.0		0.0
2600.0		287.60		0.0		12.0		0.0
2650.0		287.65		0.0		12.0		0.0
2700.0		287.70		0.0		12.0		0.0
2750.0		287.75		0.0		12.0		0.0
2800.0		287.80		0.0		12.0		0.0
2850.0		287.85		0.0		12.0		0.0
2900.0		287.90		0.0		12.0		0.0
2950.0		287.95		0.0		12.0		0.0
3000.0		288.00		0.0		12.0		0.0
3050.0		288.05		0.0		12.0		0.0
3100.0		288.10		0.0		12.0		0.0
3150.0		288.15		0.0		12.0		0.0
3200.0		288.20		0.0		12.0		0.0
3250.0		288.25		0.0		12.0		0.0
3300.0		288.30		0.0		12.0		0.0
3350.0		288.35		0.0		12.0		0.0
3400.0		288.40		0.0		12.0		0.0
3450.0		288.45		0.0		12.0		0.0
3500.0		288.50		0.0		12.0		0.0
3550.0		288.55		0.0		12.0		0.0
3600.0		288.60		0.0		12.0		0.0
3650.0		288.65		0.0		12.0		0.0
3700.0		288.70		0.0		12.0		0.0
3750.0		288.75		0.0		12.0		0.0
3800.0		288.80		0.0		12.0		0.0
3850.0		288.85		0.0		12.0		0.0
3900.0		288.90		0.0		12.0		0.0
3950.0		288.95		0.0		12.0		0.0
4000.0		289.00		0.0		12.0		0.0
4050.0		289.05		0.0		12.0		0.0
4100.0		289.10		0.0		12.0		0.0
4150.0		289.15		0.0		12.0		0.0
4200.0		289.20		0.0		12.0		0.0
4250.0		289.25		0.0		12.0		0.0
4300.0		289.30		0.0		12.0		0.0
4350.0		289.35		0.0		12.0		0.0
4400.0		289.40		0.0		12.0		0.0
4450.0		289.45		0.0		12.0		0.0
4500.0		289.50		0.0		12.0		0.0
4550.0		289.55		0.0		12.0		0.0
4600.0		289.60		0.0		12.0		0.0
4650.0		289.65		0.0		12.0		0.0
4700.0		289.70		0.0		12.0		0.0
4750.0		289.75		0.0		12.0		0.0
4800.0		289.80		0.0		12.0		0.0
4850.0		289.85		0.0		12.0		0.0
4900.0		289.90		0.0		12.0		0.0
4950.0		289.95		0.0		12.0		0.0
5000.0		290.00		0.0		12.0		0.0
5050.0		290.05		0.0		12.0		0.0
5100.0		290.10		0.0		12.0		0.0
5150.0		290.15		0.0		12.0		0.0
5200.0		290.20		0.0		12.0		0.0
5250.0		290.25		0.0		12.0		0.0
5300.0		290.30		0.0		12.0		0.0
5350.0		290.35		0.0		12.0		0.0
5400.0		290.40		0.0		12.0		0.0
5450.0		290.45		0.0		12.0		0.0
5500.0		290.50		0.0		12.0		0.0
5550.0		290.55		0.0		12.0		0.0
5600.0		290.60		0.0		12.0		0.0
5650.0		290.65		0.0		12.0		0.0
5700.0		290.70		0.0		12.0		0.0
5750.0		290.75		0.0		12.0		0.0
5800.0		290.80		0.0		12.0		0.0
5850.0		290.85		0.0		12.0		0.0
5900.0		290.90		0.0		12.0		0.0
5950.0		290.95		0.0		12.0		0.0
6000.0		291.00		0.0		12.0		0.0
6050.0		291.05		0.0		12.0		0.0
6100.0		291.10		0.0		12.0		0.0
6150.0		291.15		0.0		12.0		0.0
6200.0		291.20		0.0		12.0		0.0
6250.0		291.25		0.0		12.0		0.0
6300.0		291.30		0.0		12.0		0.0
6350.0		291.35		0.0		12.0		0.0
6400.0		291.40		0.0		12.0		0.0
6450.0		291.45		0.0		12.0		0.0
6500.0		291.50		0.0		12.0		0.0
6550.0		291.55		0.0		12.0		0.0
6600.0		291.60		0.0		12.0		0.0
6650.0		291.65		0.0		12.0		0.0
6700.0		291.70		0.0		12.0		0.0
6750.0		291.75		0.0		12.0		0.0
6800.0		291.80		0.0		12.0		0.0
6850.0		291.85		0.0		12.0		0.0
6900.0		291.90		0.0		12.0		0.0
6950.0		291.95		0.0		12.0		0.0
7000.0		292.00		0.0		12.0		0.0
7050.0		292.05		0.0		12.0		0.0
7100.0		292.10		0.0		12.0		0.0
7150.0		292.15		0.0		12.0		0.0
7200.0		292.20		0.0		12.0		0.0
7250.0		292.25		0.0		12.0		0.0
7300.0		292.30		0.0		12.0		0.0
7350.0		292.35		0.0		12.0		0.0
7400.0		292.40		0.0		12.0		0.0
7450.0		292.45		0.0		12.0		0.0
7500.0		292.50		0.0		12.0		0.0
7550.0		292.55		0.0		12.0		0.0
7600.0		292.60		0.0		12.0		0.0
7650.0		292.65		0.0		12.0		0.0
7700.0		292.70		0.0		12.0		0.0
7750.0		292.75		0.0		12.0		0.0
7800.0		292.80		0.0		12.0		0.0
7850.0		292.85		0.0		12.0		0.0
7900.0		292.90		0.0		12.0		0.0
7950.0		292.95		0.0		12.0		0.0
8000.0		293.00		0.0		12.0		0.0
8050.0		293.05		0.0		12.0		0.0
8100.0		293.10		0.0		12.0		0.0
8150.0		293.15		0.0		12.0		0.0
8200.0		293.20		0.0		12.0		0.0
8250.0		293.25		0.0		12.0		0.0
8300.0		293.30		0.0		12.0		0.0
8350.0		293.35		0.0		12.0		0.0
8400.0		293.40		0.0		12.0		0.0
8450.0		293.45		0.0		12.0		0.0
8500.0		293.50		0.0		12.0		0.0
8550.0		293.55		0.0		12.0		0.0
8600.0		293.60		0.0		12.0		0.0
8650.0		293.65		0.0		12.0		0.0
8700.0		293.70		0.0		12.0		0.0
8750.0		293.75		0.0		12.0		0.0
8800.0		293.80		0.0		12.0		0.0
8850.0		293.85		0.0		12.0		0.0
8900.0		293.90		0.0		12.0		0.0
8950.0		293.95		0.0		12.0		0.0
9000.0		294.00		0.0		12.0		0.0
9050.0		294.05		0.0		12.0		0.0
9100.0		294.10		0.0		12.0		0.0
9150.0		294.15		0.0		12.0		0.0
9200.0		294.20		0.0		12.0		0.0
9250.0		294.25		0.0		12.0		0.0
9300.0		294.30		0.0		12.0		0.0
9350.0		294.35		0.0		12.0		0.0
9400.0		294.40		0.0		12.0		0.0
9450.0		294.45		0.0		12.0		0.0
9500.0		294.50		0.0		12.0		0.0
9550.0		294.55		0.0		12.0		0.0
9600.0		294.60		0.0		12.0		0.0
9650.0		294.65		0.0		12.0		0.0
9700.0		294.70		0.0		12.0		0.0
9750.0		294.75		0.0		12.0		0.0
9800.0		294.80		0.0		12.0		0.0
9850.0		294.85		0.0		12.0		0.0
9900.0		294.90		0.0		12.0		0.0
9950.0		294.95		0.0		12.0		0.0
10000.0		295.00		0.0		12.0		0.0
10050.0		295.05		0.0		12.0		0.0
10100.0		295.10		0.0		12.0		0.0
10150.0		295.15		0.0		12.0		0.0
10200.0		295.20		0.0		12.0		0.0
10250.0		295.25		0.0		12.0		0.0
10300.0		295.30		0.0		12.0		0.0
10350.0		295.35		0.0		12.0		0.0
10400.0		295.40		0.0		12.0		0.0
10450.0		295.45		0.0		12.0		0.0
10500.0		295.50		0.0		12.0		0.0
